amino.acid	f1	f2	f3	f4	f5
A	0.6146599094068845	0.750176501629863	0.5104687951272292	0.07166674401587891	0.6475269239817172
C	0.24997156485850924	0.3884979400583968	0.4444255492321051	0.6989279478100092	0.2148650920318903
D	0.9211369643468068	0.04839376541334739	0.7641965556313881	0.2955384726508079	0.2740911506110951
E	0.10754332596232019	0.17970693682092642	0.14838809763893757	0.476269170421431	0.5404166665325074
F	0.8149153564612028	0.22323301965728304	0.9062251206988038	0.4866351294476665	0.9134436538235846
G	0.5565631164663342	0.47413187409516566	0.10318395231706923	0.8246387049845155	0.9907851709797874
H	0.8990180309043194	0.941919580614338	0.2383141082633361	0.8041107633046969	0.45548143073913183
I	0.09476013675365402	0.23688967675837702	0.3936061072794206	0.2975749614599652	0.7022611754671498
K	0.13289039866871044	0.26202265760977095	0.029455062230377638	0.65867850058459	0.24116332436132948
L	0.5263586476556804	0.8556450259852443	0.4784449803472124	0.840962555489988	0.05673182279810296
M	0.02059745961658721	0.28800183384744793	0.49523910886105094	0.9525268851760741	0.26978214474727424
N	0.8895847881244939	0.9567907741908475	0.7250447044470162	0.4670935063616589	0.9561173378863942
P	0.656906229652324	0.8436805343615233	0.17294250478781803	0.5250846314580803	0.6832365331312149
Q	0.6606294938013072	0.573236979259112	0.5535190282600719	0.8234803336885115	0.34937532500841284
R	0.3260955182415496	0.1689323177068217	0.37711685837047315	0.07008724616664042	0.127744665318534
S	0.534873345264744	0.0683106018713554	0.6233348251692719	0.7472318910756548	0.4996291803511138
T	0.03515729256294475	0.3599255754825803	0.662968111532069	0.5244650080390063	0.6468110331313977
V	0.4420694389522257	0.8551218620224781	0.18286063058317037	0.7849346941366989	0.44951424518900907
W	0.6122105952046284	0.7307478313197902	0.5853536369982688	0.15360982558095837	0.4003160373638943
